
liars([3, 2, 1, 4, 2],
Liars).

liars([9, 1, 7, 1, 8, 3, 8, 9, 1, 3],
Liars).

liars([12, 3, 9, 15, 8, 9, 0, 15, 9, 6, 14, 6, 3, 3, 9],
Liars).

liars([2, 3, 3, 4],
Liars).

liars([4, 9, 1, 12, 14, 8, 1, 17, 3, 6, 5, 6, 18, 20, 0, 8, 7, 9, 4, 16],
Liars).

liars([13, 2, 2, 14, 24, 7, 25, 19, 10, 14, 16, 3, 24, 12, 9, 16, 16, 0, 15, 16, 5, 19, 2, 3, 16],
Liars).

liars([11, 15, 29, 17, 20, 30, 25, 15, 14, 24, 26, 21, 8, 21, 28, 8, 5, 28, 9, 6, 28, 8, 20, 18, 10, 29, 28, 16, 0, 5],
Liars).

liars([0, 0, 0, 0, 0, 0, 0, 0, 0, 0],
Liars).

liars([15, 15, 15, 15, 15, 15, 15, 15, 15, 15, 15, 15, 15, 15],
Liars).

liars([1, 2, 3, 4, 5, 6, 7, 8, 9, 10, 11, 12, 13, 14, 15, 16, 17, 18, 19, 20],
Liars).

liars([5, 5, 5, 5, 5, 5, 5, 5, 5, 5, 5, 5, 5, 5, 5, 5, 5, 5, 5, 5, 5, 5, 5, 5, 5],
Liars).

liars([11, 15, 29, 17, 20, 30, 25, 15, 14, 24, 26, 21, 8, 21, 28, 8, 5, 28, 9, 6, 28, 8, 20, 18, 10, 29, 28, 16, 0, 5],
Liars).



seed(100), genrand(100, C), liars(C, Liars).
seed(1000), genrand(1000, C), liars(C, Liars).
seed(10000), genrand(10000, C), liars(C, Liars).
seed(100000), genrand(100000, C), liars(C, Liars).
seed(300000), genrand(300000, C), liars(C, Liars).