
%%%%%%%%%%%%%%%%%%%%%%%%%%%%%%%%%%%%%%%%%%%%%%%%%%%%%%%%%%%%%%%
%%%%%%%%%%%%%%%%%%%%%%%%%%%%%%%%%%%%%%%%%%%%%%%%%%%%%%%%%%%%%%%

length(L, 4), L #:: 1..4, occurrences(2, L, 3), L = [X|_], X #< 2.
element(I, [5,7,3,5,2,7,5,8], X), I #> 4, X #< 6, indomain(I).
findall(S, carseq(S), AllS), length(AllS, TotS).

%%%%%%%%%%%%%%%%%%%%%%%%%%%%%%%%%%%%%%%%%%%%%%%%%%%%%%%%%%%%%%%
%%%%%%%%%%%%%%%%%%%%%%%%%%%%%%%%%%%%%%%%%%%%%%%%%%%%%%%%%%%%%%%

?- carseq(S).
S = [1, 2, 6, 3, 5, 4, 4, 5, 3, 6] --> ;
S = [1, 3, 6, 2, 5, 4, 3, 5, 4, 6] --> ;
S = [1, 3, 6, 2, 6, 4, 5, 3, 4, 5] --> ;
S = [5, 4, 3, 5, 4, 6, 2, 6, 3, 1] --> ;
S = [6, 3, 5, 4, 4, 5, 3, 6, 2, 1] --> ;
S = [6, 4, 5, 3, 4, 5, 2, 6, 3, 1] --> ;
no

[1, 2, 6, 3, 5, 4, 4, 5, 3, 6]
[1, 3, 6, 2, 5, 4, 3, 5, 4, 6]
[1, 3, 6, 2, 6, 4, 5, 3, 4, 5]
[5, 4, 3, 5, 4, 6, 2, 6, 3, 1]
[6, 3, 5, 4, 4, 5, 3, 6, 2, 1]
[6, 4, 5, 3, 4, 5, 2, 6, 3, 1]


%%%%%%%%%%%%%%%%%%%%%%%%%%%%%%%%%%%%%%%%%%%%%%%%%%%%%%%%%%%%%%%
%%%%%%%%%%%%%%%%%%%%%%%%%%%%%%%%%%%%%%%%%%%%%%%%%%%%%%%%%%%%%%%

?- carseq(S).
S =
[1, 4, 7, 15, 3, 16, 2, 10, 8, 15, 1, 13, 2, 15, 8, 9, 2, 17, 3, 15, 6, 10, 3, 17, 5, 9, 7, 11, 5, 17, 1, 10, 8, 15, 5, 12, 5, 10, 7, 11, 5, 16, 3, 10, 7, 11, 5, 16, 3, 10, 7, 11, 5, 16, 3, 15, 7, 11, 1, 17, 3, 15, 7, 9, 5, 17, 5, 11, 6, 15, 5, 17, 7, 9, 8, 15, 7, 11, 1, 17, 8, 17, 14, 11, 7, 16, 7, 11, 14, 17, 11, 14, 17, 11, 14, 17, 11, 14, 17, 18]
[1, 4, 7, 15, 3, 16, 2, 10, 8, 15, 1, 13, 2, 15, 8, 9, 2, 17, 3, 15, 6, 10, 3, 17, 5, 9, 7, 11, 5, 17, 1, 10, 8, 15, 5, 12, 5, 10, 7, 11, 5, 16, 3, 10, 7, 11, 5, 16, 3, 10, 7, 11, 5, 16, 3, 15, 7, 11, 1, 17, 3, 15, 7, 9, 5, 17, 5, 11, 6, 15, 5, 17, 7, 9, 8, 15, 7, 11, 1, 17, 8, 17, 14, 11, 7, 16, 7, 11, 14, 17, 11, 14, 17, 11, 14, 17, 11, 14, 17, 18]
S =
[1, 4, 7, 15, 3, 16, 2, 10, 8, 15, 1, 13, 2, 15, 8, 9, 2, 17, 3, 15, 6, 10, 3, 17, 5, 9, 7, 11, 5, 17, 1, 10, 8, 15, 5, 12, 5, 10, 7, 11, 5, 16, 3, 10, 7, 11, 5, 16, 3, 10, 7, 11, 5, 16, 3, 15, 7, 11, 1, 17, 3, 15, 7, 9, 5, 17, 5, 11, 6, 15, 5, 17, 7, 9, 8, 15, 7, 11, 1, 17, 8, 17, 14, 11, 7, 16, 7, 11, 14, 17, 11, 14, 17, 11, 14, 17, 11, 17, 14, 18]
[1, 4, 7, 15, 3, 16, 2, 10, 8, 15, 1, 13, 2, 15, 8, 9, 2, 17, 3, 15, 6, 10, 3, 17, 5, 9, 7, 11, 5, 17, 1, 10, 8, 15, 5, 12, 5, 10, 7, 11, 5, 16, 3, 10, 7, 11, 5, 16, 3, 10, 7, 11, 5, 16, 3, 15, 7, 11, 1, 17, 3, 15, 7, 9, 5, 17, 5, 11, 6, 15, 5, 17, 7, 9, 8, 15, 7, 11, 1, 17, 8, 17, 14, 11, 7, 16, 7, 11, 14, 17, 11, 14, 17, 11, 14, 17, 11, 17, 14, 18]
.......................................................
Μην αποπειραθείτε να βρείτε όλες τις λύσεις για τα προηγούμενα δεδομένα. Είναι υπερβολικά πολλές.

%%%%%%%%%%%%%%%%%%%%%%%%%%%%%%%%%%%%%%%%%%%%%%%%%%%%%%%%%%%%%%%
%%%%%%%%%%%%%%%%%%%%%%%%%%%%%%%%%%%%%%%%%%%%%%%%%%%%%%%%%%%%%%%

?- carseq(S).
no

%%%%%%%%%%%%%%%%%%%%%%%%%%%%%%%%%%%%%%%%%%%%%%%%%%%%%%%%%%%%%%%
%%%%%%%%%%%%%%%%%%%%%%%%%%%%%%%%%%%%%%%%%%%%%%%%%%%%%%%%%%%%%%%

?- carseq(S).
S = [1, 1, 2, 2, 1, 1, 4, 2, 1, 1, 2, 2, 2, 4, 5, 3, 2, 5, 5,
 2, 2, 2, 3, 5, 5, 6, 6, 5, 5, 6, 6, 5, 6, 6, 6, 6, 8, 8,
 6, 6, 8, 6, 6, 6, 6, 8, 8, 6, 10, 7, 13, 10, 10, 13, 9,
 11, 15, 9, 11, 13, 12, 13, 15, 13, 15, 13, 15, 13, 15,
 13, 15, 14, 15, 14, 15, 14, 16, 15, 15, 16, 19, 16, 19,
 17, 17, 19, 20, 17, 20, 16, 20, 18, 18, 19, 20, 20, 17,
 21, 20, 22] --> ;
.......................................................

[1, 1, 2, 2, 1, 1, 4, 2, 1, 1, 2, 2, 2, 4, 5, 3, 2, 5, 5, 2, 2, 2, 3, 5, 5, 6, 6, 5, 5, 6, 6, 5, 6, 6, 6, 6, 8, 8, 6, 6, 8, 6, 6, 6, 6, 8, 8, 6, 10, 7, 13, 10, 10, 13, 9, 11, 15, 9, 11, 13, 12, 13, 15, 13, 15, 13, 15, 13, 15, 13, 15, 14, 15, 14, 15, 14, 16, 15, 15, 16, 19, 16, 19, 17, 17, 19, 20, 17, 20, 16, 20, 18, 18, 19, 20, 20, 17, 21, 20, 22]


%%%%%%%%%%%%%%%%%%%%%%%%%%%%%%%%%%%%%%%%%%%%%%%%%%%%%%%%%%%%%%%
%%%%%%%%%%%%%%%%%%%%%%%%%%%%%%%%%%%%%%%%%%%%%%%%%%%%%%%%%%%%%%%